0,
1132,
2261,
3387,
4507,
5617,
6718,
7806,
8879,
9936,
10974,
11992,
12988,
13959,
14904,
15821,
16709,
17566,
18390,
19179,
19933,
20650,
21328,
21966,
22563,
23119,
23631,
24099,
24522,
24899,
25230,
25513,
25750,
25938,
26077,
26168,
26211,
26204,
26148,
26044,
25891,
25690,
25441,
25144,
24801,
24411,
23975,
23495,
22971,
22405,
21796,
21147,
20458,
19731,
18967,
18168,
17335,
16470,
15574,
14649,
13696,
12718,
11717,
10693,
9650,
8588,
7511,
6419,
5315,
4202,
3081,
1954,
823,
-308,
-1440,
-2569,
-3693,
-4810,
-5919,
-7016,
-8100,
-9169,
-10221,
-11254,
-12266,
-13255,
-14219,
-15157,
-16066,
-16946,
-17794,
-18609,
-19388,
-20132,
-20838,
-21506,
-22133,
-22719,
-23263,
-23763,
-24218,
-24629,
-24994,
-25312,
-25583,
-25806,
-25981,
-26107,
-26185,
-26214,
-26194,
-26125,
-26007,
-25841,
-25627,
-25365,
-25055,
-24699,
-24296,
-23849,
-23357,
-22821,
-22243,
-21623,
-20963,
-20264,
-19526,
-18753,
-17944,
-17103,
-16229,
-15325,
-14392,
-13432,
-12448,
-11440,
-10410,
-9362,
-8296,
-7214,
-6119,
-5013,
-3897,
-2774,
-1646,
-514,